T: 1	 , 1.086710e+00, 4.672936e-02, 1.599097e-01, 2.139239e-01, 2.171522e-01, 2.288184e-01, 2.201761e-01
T: 2	 , 1.071105e+00, 4.630614e-02, 1.579315e-01, 2.112370e-01, 2.140862e-01, 2.252194e-01, 2.163245e-01
T: 3	 , 1.065832e+00, 4.615344e-02, 1.572043e-01, 2.102735e-01, 2.130370e-01, 2.240645e-01, 2.150997e-01
T: 4	 , 1.062183e+00, 4.601558e-02, 1.566851e-01, 2.095923e-01, 2.123243e-01, 2.232686e-01, 2.142966e-01
T: 5	 , 1.058123e+00, 4.588041e-02, 1.561215e-01, 2.088530e-01, 2.115362e-01, 2.223609e-01, 2.133709e-01
T: 6	 , 1.054101e+00, 4.573340e-02, 1.556403e-01, 2.081676e-01, 2.107656e-01, 2.214394e-01, 2.123550e-01
T: 7	 , 1.054039e+00, 4.575478e-02, 1.555436e-01, 2.080697e-01, 2.107492e-01, 2.215010e-01, 2.124209e-01
T: 8	 , 1.051247e+00, 4.567761e-02, 1.551995e-01, 2.076153e-01, 2.102066e-01, 2.208382e-01, 2.117097e-01
T: 9	 , 1.051654e+00, 4.570033e-02, 1.552535e-01, 2.076628e-01, 2.102799e-01, 2.209498e-01, 2.118076e-01
T: 10	 , 1.049798e+00, 4.562700e-02, 1.549747e-01, 2.073073e-01, 2.099204e-01, 2.205468e-01, 2.114222e-01
V: 10 , 5.714551e+09, 8.216601e+08, 9.678098e+08, 9.669025e+08, 9.719961e+08, 9.799301e+08, 1.006253e+09
E: 10 , 5.693209e+09, 8.217887e+08, 9.558156e+08, 9.549788e+08, 9.635879e+08, 9.815173e+08, 1.015521e+09
T: 11	 , 5.980279e+00, 9.794300e-01, 9.995243e-01, 1.000226e+00, 1.000421e+00, 1.000064e+00, 1.000614e+00
T: 12	 , 5.976944e+00, 9.777018e-01, 9.989112e-01, 9.997044e-01, 1.000084e+00, 9.999119e-01, 1.000631e+00
T: 13	 , 5.972622e+00, 9.777113e-01, 9.982637e-01, 9.989344e-01, 9.992428e-01, 9.989283e-01, 9.995420e-01
T: 14	 , 5.969230e+00, 9.761946e-01, 9.977934e-01, 9.985660e-01, 9.989047e-01, 9.986599e-01, 9.991115e-01
T: 15	 , 5.964831e+00, 9.741818e-01, 9.975318e-01, 9.983195e-01, 9.983691e-01, 9.979597e-01, 9.984691e-01
T: 16	 , 5.958534e+00, 9.745087e-01, 9.957986e-01, 9.967013e-01, 9.970090e-01, 9.968882e-01, 9.976284e-01
T: 17	 , 5.962015e+00, 9.732961e-01, 9.965006e-01, 9.975867e-01, 9.980138e-01, 9.979473e-01, 9.986705e-01
T: 18	 , 5.957266e+00, 9.731507e-01, 9.959318e-01, 9.968081e-01, 9.971852e-01, 9.969104e-01, 9.972798e-01
T: 19	 , 5.952379e+00, 9.733628e-01, 9.948060e-01, 9.958817e-01, 9.962539e-01, 9.959245e-01, 9.961504e-01
T: 20	 , 5.958251e+00, 9.739623e-01, 9.956996e-01, 9.967622e-01, 9.972290e-01, 9.969907e-01, 9.976074e-01
V: 20 , 5.669000e+09, 7.971035e+08, 9.650509e+08, 9.634976e+08, 9.673121e+08, 9.745194e+08, 1.001517e+09
E: 20 , 5.739619e+09, 7.988669e+08, 9.718392e+08, 9.678193e+08, 9.767700e+08, 9.942709e+08, 1.030052e+09
T: 21	 , 5.947987e+00, 9.724918e-01, 9.940814e-01, 9.951732e-01, 9.955340e-01, 9.951665e-01, 9.955398e-01
T: 22	 , 5.950401e+00, 9.716584e-01, 9.947850e-01, 9.958054e-01, 9.961704e-01, 9.958283e-01, 9.961539e-01
T: 23	 , 5.944587e+00, 9.724365e-01, 9.932416e-01, 9.944384e-01, 9.949558e-01, 9.945994e-01, 9.949153e-01
T: 24	 , 5.944598e+00, 9.710384e-01, 9.935243e-01, 9.946549e-01, 9.951363e-01, 9.948877e-01, 9.953563e-01
T: 25	 , 5.938269e+00, 9.699627e-01, 9.925380e-01, 9.936482e-01, 9.941498e-01, 9.937944e-01, 9.941756e-01
T: 26	 , 5.933884e+00, 9.698959e-01, 9.919328e-01, 9.929323e-01, 9.932270e-01, 9.928033e-01, 9.930926e-01
T: 27	 , 5.932816e+00, 9.692019e-01, 9.915219e-01, 9.926946e-01, 9.930658e-01, 9.929251e-01, 9.934061e-01
T: 28	 , 5.938530e+00, 9.701771e-01, 9.924981e-01, 9.936286e-01, 9.941473e-01, 9.938250e-01, 9.942536e-01
T: 29	 , 5.938277e+00, 9.708912e-01, 9.925582e-01, 9.935914e-01, 9.939636e-01, 9.936210e-01, 9.936511e-01
T: 30	 , 5.929818e+00, 9.700620e-01, 9.910601e-01, 9.920921e-01, 9.923956e-01, 9.919681e-01, 9.922402e-01
V: 30 , 5.650453e+09, 7.990120e+08, 9.616174e+08, 9.603224e+08, 9.639310e+08, 9.705796e+08, 9.949905e+08
E: 30 , 5.726060e+09, 8.136486e+08, 9.636286e+08, 9.625714e+08, 9.721246e+08, 9.900058e+08, 1.024081e+09
T: 31	 , 5.925992e+00, 9.685571e-01, 9.902566e-01, 9.914739e-01, 9.920161e-01, 9.916738e-01, 9.920142e-01
T: 32	 , 5.927848e+00, 9.692251e-01, 9.908831e-01, 9.918875e-01, 9.921554e-01, 9.917528e-01, 9.919445e-01
T: 33	 , 5.925783e+00, 9.681719e-01, 9.903402e-01, 9.915564e-01, 9.919899e-01, 9.917276e-01, 9.919974e-01
T: 34	 , 5.919684e+00, 9.673040e-01, 9.894990e-01, 9.907272e-01, 9.910406e-01, 9.904860e-01, 9.906269e-01
T: 35	 , 5.920759e+00, 9.675587e-01, 9.893263e-01, 9.907247e-01, 9.912145e-01, 9.908511e-01, 9.910840e-01
T: 36	 , 5.917456e+00, 9.659161e-01, 9.890361e-01, 9.904148e-01, 9.909399e-01, 9.904967e-01, 9.906521e-01
T: 37	 , 5.922020e+00, 9.681304e-01, 9.894349e-01, 9.907599e-01, 9.913044e-01, 9.910645e-01, 9.913260e-01
T: 38	 , 5.923784e+00, 9.676290e-01, 9.899910e-01, 9.911072e-01, 9.917001e-01, 9.915578e-01, 9.917989e-01
T: 39	 , 5.915290e+00, 9.661929e-01, 9.886506e-01, 9.899055e-01, 9.903240e-01, 9.899060e-01, 9.903112e-01
T: 40	 , 5.913422e+00, 9.659023e-01, 9.885318e-01, 9.896490e-01, 9.900013e-01, 9.896565e-01, 9.896808e-01
V: 40 , 5.623102e+09, 7.879697e+08, 9.555994e+08, 9.547142e+08, 9.598763e+08, 9.680881e+08, 9.968547e+08
E: 40 , 5.745231e+09, 7.985979e+08, 9.726741e+08, 9.678832e+08, 9.779820e+08, 9.958316e+08, 1.032262e+09
T: 41	 , 5.909531e+00, 9.654313e-01, 9.876493e-01, 9.889281e-01, 9.894292e-01, 9.889634e-01, 9.891299e-01
T: 42	 , 5.913945e+00, 9.663898e-01, 9.884280e-01, 9.896346e-01, 9.900325e-01, 9.896814e-01, 9.897790e-01
T: 43	 , 5.906695e+00, 9.654712e-01, 9.867389e-01, 9.883122e-01, 9.888939e-01, 9.885353e-01, 9.887437e-01
T: 44	 , 5.906669e+00, 9.636847e-01, 9.873474e-01, 9.887621e-01, 9.892416e-01, 9.888492e-01, 9.887835e-01
T: 45	 , 5.903291e+00, 9.650708e-01, 9.864617e-01, 9.878057e-01, 9.882421e-01, 9.877962e-01, 9.879142e-01
T: 46	 , 5.905758e+00, 9.646827e-01, 9.871512e-01, 9.883814e-01, 9.888065e-01, 9.883808e-01, 9.883551e-01
T: 47	 , 5.901853e+00, 9.641197e-01, 9.863181e-01, 9.878092e-01, 9.882719e-01, 9.877262e-01, 9.876080e-01
T: 48	 , 5.905520e+00, 9.653104e-01, 9.868966e-01, 9.882052e-01, 9.886102e-01, 9.881694e-01, 9.883281e-01
T: 49	 , 5.900893e+00, 9.638917e-01, 9.862571e-01, 9.876771e-01, 9.881082e-01, 9.875527e-01, 9.874064e-01
T: 50	 , 5.896055e+00, 9.631061e-01, 9.856640e-01, 9.869178e-01, 9.871394e-01, 9.866430e-01, 9.865845e-01
V: 50 , 5.637109e+09, 7.884869e+08, 9.571268e+08, 9.556956e+08, 9.627447e+08, 9.721491e+08, 1.000906e+09
E: 50 , 5.698266e+09, 7.937504e+08, 9.638873e+08, 9.594818e+08, 9.699618e+08, 9.881177e+08, 1.023067e+09
T: 51	 , 5.897283e+00, 9.641066e-01, 9.855299e-01, 9.868744e-01, 9.872203e-01, 9.867278e-01, 9.868240e-01
T: 52	 , 5.901350e+00, 9.639308e-01, 9.863023e-01, 9.875654e-01, 9.881262e-01, 9.876982e-01, 9.877273e-01
T: 53	 , 5.895521e+00, 9.640354e-01, 9.854566e-01, 9.867310e-01, 9.871145e-01, 9.863171e-01, 9.858662e-01
T: 54	 , 5.890024e+00, 9.630011e-01, 9.843311e-01, 9.857784e-01, 9.861325e-01, 9.855161e-01, 9.852648e-01
T: 55	 , 5.894762e+00, 9.638193e-01, 9.850058e-01, 9.863553e-01, 9.868359e-01, 9.863996e-01, 9.863466e-01
T: 56	 , 5.897548e+00, 9.634746e-01, 9.860107e-01, 9.871596e-01, 9.874880e-01, 9.867905e-01, 9.866244e-01
T: 57	 , 5.885808e+00, 9.620827e-01, 9.836305e-01, 9.851038e-01, 9.855109e-01, 9.848628e-01, 9.846175e-01
T: 58	 , 5.891005e+00, 9.623844e-01, 9.847050e-01, 9.860732e-01, 9.863873e-01, 9.858239e-01, 9.856317e-01
T: 59	 , 5.890300e+00, 9.620015e-01, 9.843550e-01, 9.858638e-01, 9.863157e-01, 9.858597e-01, 9.859044e-01
T: 60	 , 5.890995e+00, 9.624599e-01, 9.846756e-01, 9.858965e-01, 9.863702e-01, 9.858534e-01, 9.857394e-01
V: 60 , 5.654035e+09, 7.880448e+08, 9.628473e+08, 9.606768e+08, 9.652268e+08, 9.737213e+08, 1.003518e+09
E: 60 , 5.731365e+09, 7.905408e+08, 9.682254e+08, 9.647584e+08, 9.765030e+08, 9.958691e+08, 1.035468e+09
T: 61	 , 5.886600e+00, 9.624287e-01, 9.837590e-01, 9.851072e-01, 9.856094e-01, 9.850184e-01, 9.846772e-01
T: 62	 , 5.891807e+00, 9.623356e-01, 9.844968e-01, 9.859787e-01, 9.866215e-01, 9.862066e-01, 9.861680e-01
T: 63	 , 5.886514e+00, 9.619855e-01, 9.839639e-01, 9.851741e-01, 9.856088e-01, 9.850717e-01, 9.847097e-01
T: 64	 , 5.887235e+00, 9.615962e-01, 9.839270e-01, 9.853948e-01, 9.859022e-01, 9.853726e-01, 9.850421e-01
T: 65	 , 5.885524e+00, 9.601431e-01, 9.837973e-01, 9.852754e-01, 9.857626e-01, 9.852803e-01, 9.852651e-01
T: 66	 , 5.884861e+00, 9.617313e-01, 9.835255e-01, 9.848080e-01, 9.853478e-01, 9.848003e-01, 9.846483e-01
T: 67	 , 5.876810e+00, 9.614105e-01, 9.820781e-01, 9.835148e-01, 9.838906e-01, 9.831946e-01, 9.827213e-01
T: 68	 , 5.887074e+00, 9.622169e-01, 9.837214e-01, 9.852262e-01, 9.858050e-01, 9.852871e-01, 9.848175e-01
T: 69	 , 5.883921e+00, 9.602332e-01, 9.833955e-01, 9.849241e-01, 9.855074e-01, 9.849907e-01, 9.848703e-01
T: 70	 , 5.879645e+00, 9.601887e-01, 9.827940e-01, 9.842348e-01, 9.846651e-01, 9.840743e-01, 9.836885e-01
V: 70 , 5.674285e+09, 7.947935e+08, 9.641775e+08, 9.615242e+08, 9.684726e+08, 9.780329e+08, 1.007285e+09
E: 70 , 5.705126e+09, 7.942683e+08, 9.638698e+08, 9.605243e+08, 9.710875e+08, 9.887727e+08, 1.026604e+09
T: 71	 , 5.872445e+00, 9.599898e-01, 9.815667e-01, 9.829105e-01, 9.833701e-01, 9.825640e-01, 9.820439e-01
T: 72	 , 5.875890e+00, 9.602824e-01, 9.824168e-01, 9.836028e-01, 9.838081e-01, 9.830640e-01, 9.827161e-01
T: 73	 , 5.876479e+00, 9.593020e-01, 9.824072e-01, 9.838548e-01, 9.842218e-01, 9.836030e-01, 9.830903e-01
T: 74	 , 5.874307e+00, 9.608752e-01, 9.815086e-01, 9.830892e-01, 9.834297e-01, 9.828822e-01, 9.825217e-01
T: 75	 , 5.875693e+00, 9.604134e-01, 9.819832e-01, 9.833958e-01, 9.837457e-01, 9.832038e-01, 9.829508e-01
T: 76	 , 5.870327e+00, 9.582713e-01, 9.814186e-01, 9.828633e-01, 9.832513e-01, 9.825242e-01, 9.819984e-01
T: 77	 , 5.874075e+00, 9.595635e-01, 9.815665e-01, 9.831457e-01, 9.836932e-01, 9.832257e-01, 9.828808e-01
T: 78	 , 5.871071e+00, 9.582578e-01, 9.811994e-01, 9.827528e-01, 9.833031e-01, 9.827531e-01, 9.828051e-01
T: 79	 , 5.873440e+00, 9.588637e-01, 9.818839e-01, 9.833891e-01, 9.838049e-01, 9.830443e-01, 9.824539e-01
T: 80	 , 5.869091e+00, 9.589362e-01, 9.810590e-01, 9.824113e-01, 9.828435e-01, 9.821509e-01, 9.816904e-01
V: 80 , 5.680222e+09, 7.915361e+08, 9.642791e+08, 9.636802e+08, 9.707006e+08, 9.801273e+08, 1.009899e+09
E: 80 , 5.759232e+09, 8.050236e+08, 9.730735e+08, 9.686697e+08, 9.793930e+08, 9.982386e+08, 1.034834e+09
T: 81	 , 5.866501e+00, 9.585933e-01, 9.804432e-01, 9.820645e-01, 9.825009e-01, 9.817243e-01, 9.811746e-01
T: 82	 , 5.867116e+00, 9.581383e-01, 9.809027e-01, 9.823083e-01, 9.826026e-01, 9.818972e-01, 9.812670e-01
T: 83	 , 5.866205e+00, 9.585028e-01, 9.805536e-01, 9.819782e-01, 9.822873e-01, 9.816183e-01, 9.812652e-01
T: 84	 , 5.867295e+00, 9.581301e-01, 9.804213e-01, 9.821078e-01, 9.826892e-01, 9.821725e-01, 9.817737e-01
T: 85	 , 5.859541e+00, 9.575269e-01, 9.793499e-01, 9.808949e-01, 9.812123e-01, 9.805268e-01, 9.800301e-01
T: 86	 , 5.862649e+00, 9.587888e-01, 9.798373e-01, 9.811798e-01, 9.815228e-01, 9.809413e-01, 9.803788e-01
T: 87	 , 5.860474e+00, 9.582639e-01, 9.796022e-01, 9.810156e-01, 9.813768e-01, 9.804956e-01, 9.797201e-01
T: 88	 , 5.864368e+00, 9.586712e-01, 9.803676e-01, 9.815914e-01, 9.818913e-01, 9.812368e-01, 9.806097e-01
T: 89	 , 5.858186e+00, 9.569499e-01, 9.792681e-01, 9.806913e-01, 9.810979e-01, 9.802549e-01, 9.799237e-01
T: 90	 , 5.865368e+00, 9.571644e-01, 9.802892e-01, 9.818938e-01, 9.824325e-01, 9.819796e-01, 9.816090e-01
V: 90 , 5.675080e+09, 7.963281e+08, 9.625854e+08, 9.613120e+08, 9.688202e+08, 9.779299e+08, 1.008105e+09
E: 90 , 5.743157e+09, 8.061288e+08, 9.650128e+08, 9.627208e+08, 9.765394e+08, 9.962743e+08, 1.036481e+09
